32 32
    0     0    0.00460   -0.00461
    0     1    0.00443   -0.02278
    0     2    0.00407   -0.03986
    0     3    0.00356   -0.05517
    0     4    0.00295   -0.06822
    0     5    0.00232   -0.07876
    0     6    0.00169   -0.08676
    0     7    0.00112   -0.09235
    0     8    0.00061   -0.09577
    0     9    0.00018   -0.09731
    0    10   -0.00019   -0.09725
    0    11   -0.00048   -0.09589
    0    12   -0.00071   -0.09349
    0    13   -0.00089   -0.09026
    0    14   -0.00103   -0.08640
    0    15   -0.00113   -0.08207
    0    16   -0.00120   -0.07740
    0    17   -0.00124   -0.07251
    0    18   -0.00127   -0.06746
    0    19   -0.00128   -0.06234
    0    20   -0.00129   -0.05720
    0    21   -0.00128   -0.05207
    0    22   -0.00126   -0.04698
    0    23   -0.00125   -0.04195
    0    24   -0.00123   -0.03701
    0    25   -0.00121   -0.03214
    0    26   -0.00118   -0.02736
    0    27   -0.00117   -0.02266
    0    28   -0.00115   -0.01803
    0    29   -0.00113   -0.01347
    0    30   -0.00112   -0.00895
    0    31   -0.00112   -0.00447
    1     0    0.02327   -0.00479
    1     1    0.02242   -0.02362
    1     2    0.02054   -0.04127
    1     3    0.01790   -0.05696
    1     4    0.01480   -0.07020
    1     5    0.01156   -0.08077
    1     6    0.00841   -0.08868
    1     7    0.00551   -0.09410
    1     8    0.00296   -0.09732
    1     9    0.00079   -0.09864
    1    10   -0.00101   -0.09838
    1    11   -0.00247   -0.09683
    1    12   -0.00362   -0.09426
    1    13   -0.00451   -0.09089
    1    14   -0.00518   -0.08692
    1    15   -0.00568   -0.08249
    1    16   -0.00602   -0.07775
    1    17   -0.00625   -0.07278
    1    18   -0.00638   -0.06769
    1    19   -0.00644   -0.06252
    1    20   -0.00644   -0.05734
    1    21   -0.00640   -0.05218
    1    22   -0.00633   -0.04707
    1    23   -0.00624   -0.04203
    1    24   -0.00614   -0.03706
    1    25   -0.00603   -0.03218
    1    26   -0.00593   -0.02739
    1    27   -0.00583   -0.02268
    1    28   -0.00575   -0.01805
    1    29   -0.00568   -0.01348
    1    30   -0.00562   -0.00896
    1    31   -0.00559   -0.00447
    2     0    0.04315   -0.00522
    2     1    0.04147   -0.02573
    2     2    0.03781   -0.04472
    2     3    0.03271   -0.06132
    2     4    0.02682   -0.07498
    2     5    0.02073   -0.08558
    2     6    0.01489   -0.09323
    2     7    0.00958   -0.09822
    2     8    0.00495   -0.10093
    2     9    0.00105   -0.10173
    2    10   -0.00217   -0.10098
    2    11   -0.00475   -0.09900
    2    12   -0.00678   -0.09604
    2    13   -0.00834   -0.09235
    2    14   -0.00952   -0.08811
    2    15   -0.01037   -0.08346
    2    16   -0.01096   -0.07853
    2    17   -0.01135   -0.07342
    2    18   -0.01157   -0.06820
    2    19   -0.01166   -0.06294
    2    20   -0.01165   -0.05767
    2    21   -0.01157   -0.05245
    2    22   -0.01143   -0.04728
    2    23   -0.01126   -0.04219
    2    24   -0.01107   -0.03719
    2    25   -0.01088   -0.03228
    2    26   -0.01069   -0.02747
    2    27   -0.01051   -0.02274
    2    28   -0.01035   -0.01809
    2    29   -0.01022   -0.01351
    2    30   -0.01013   -0.00897
    2    31   -0.01007   -0.00448
    3     0    0.06540   -0.00599
    3     1    0.06260   -0.02941
    3     2    0.05658   -0.05070
    3     3    0.04836   -0.06873
    3     4    0.03906   -0.08298
    3     5    0.02966   -0.09348
    3     6    0.02084   -0.10058
    3     7    0.01298   -0.10478
    3     8    0.00624   -0.10661
    3     9    0.00063   -0.10655
    3    10   -0.00393   -0.10501
    3    11   -0.00756   -0.10232
    3    12   -0.01039   -0.09877
    3    13   -0.01255   -0.09458
    3    14   -0.01416   -0.08992
    3    15   -0.01532   -0.08494
    3    16   -0.01612   -0.07973
    3    17   -0.01662   -0.07439
    3    18   -0.01690   -0.06898
    3    19   -0.01700   -0.06357
    3    20   -0.01696   -0.05818
    3    21   -0.01681   -0.05284
    3    22   -0.01660   -0.04759
    3    23   -0.01634   -0.04243
    3    24   -0.01605   -0.03738
    3    25   -0.01576   -0.03242
    3    26   -0.01547   -0.02757
    3    27   -0.01521   -0.02282
    3    28   -0.01498   -0.01814
    3    29   -0.01479   -0.01354
    3    30   -0.01465   -0.00900
    3    31   -0.01456   -0.00449
    4     0    0.09159   -0.00724
    4     1    0.08711   -0.03532
    4     2    0.07766   -0.06010
    4     3    0.06512   -0.08008
    4     4    0.05142   -0.09487
    4     5    0.03804   -0.10490
    4     6    0.02586   -0.11096
    4     7    0.01530   -0.11386
    4     8    0.00644   -0.11434
    4     9   -0.00079   -0.11302
    4    10   -0.00658   -0.11035
    4    11   -0.01113   -0.10670
    4    12   -0.01464   -0.10235
    4    13   -0.01729   -0.09749
    4    14   -0.01924   -0.09228
    4    15   -0.02063   -0.08685
    4    16   -0.02156   -0.08128
    4    17   -0.02213   -0.07564
    4    18   -0.02242   -0.06999
    4    19   -0.02249   -0.06437
    4    20   -0.02239   -0.05882
    4    21   -0.02217   -0.05335
    4    22   -0.02186   -0.04799
    4    23   -0.02149   -0.04274
    4    24   -0.02109   -0.03761
    4    25   -0.02068   -0.03260
    4    26   -0.02029   -0.02770
    4    27   -0.01994   -0.02291
    4    28   -0.01962   -0.01821
    4    29   -0.01937   -0.01359
    4    30   -0.01918   -0.00902
    4    31   -0.01906   -0.00450
    5     0    0.12411   -0.00927
    5     1    0.11681   -0.04472
    5     2    0.10191   -0.07456
    5     3    0.08305   -0.09680
    5     4    0.06347   -0.11166
    5     5    0.04522   -0.12043
    5     6    0.02930   -0.12460
    5     7    0.01595   -0.12546
    5     8    0.00508   -0.12402
    5     9   -0.00361   -0.12097
    5    10   -0.01043   -0.11684
    5    11   -0.01570   -0.11198
    5    12   -0.01971   -0.10662
    5    13   -0.02270   -0.10095
    5    14   -0.02486   -0.09508
    5    15   -0.02638   -0.08911
    5    16   -0.02736   -0.08310
    5    17   -0.02794   -0.07711
    5    18   -0.02819   -0.07117
    5    19   -0.02819   -0.06531
    5    20   -0.02799   -0.05957
    5    21   -0.02765   -0.05394
    5    22   -0.02722   -0.04845
    5    23   -0.02672   -0.04309
    5    24   -0.02620   -0.03788
    5    25   -0.02567   -0.03279
    5    26   -0.02516   -0.02784
    5    27   -0.02470   -0.02301
    5    28   -0.02430   -0.01827
    5    29   -0.02397   -0.01363
    5    30   -0.02373   -0.00905
    5    31   -0.02358   -0.00451
    6     0    0.16709   -0.01271
    6     1    0.15447   -0.06021
    6     2    0.13014   -0.09700
    6     3    0.10159   -0.12112
    6     4    0.07410   -0.13464
    6     5    0.05009   -0.14061
    6     6    0.03019   -0.14161
    6     7    0.01420   -0.13947
    6     8    0.00159   -0.13540
    6     9   -0.00822   -0.13016
    6    10   -0.01576   -0.12424
    6    11   -0.02148   -0.11792
    6    12   -0.02576   -0.11140
    6    13   -0.02889   -0.10479
    6    14   -0.03113   -0.09817
    6    15   -0.03264   -0.09160
    6    16   -0.03359   -0.08511
    6    17   -0.03409   -0.07872
    6    18   -0.03423   -0.07246
    6    19   -0.03411   -0.06634
    6    20   -0.03378   -0.06038
    6    21   -0.03330   -0.05457
    6    22   -0.03271   -0.04893
    6    23   -0.03206   -0.04345
    6    24   -0.03139   -0.03814
    6    25   -0.03072   -0.03299
    6    26   -0.03008   -0.02797
    6    27   -0.02950   -0.02309
    6    28   -0.02900   -0.01833
    6    29   -0.02859   -0.01366
    6    30   -0.02829   -0.00906
    6    31   -0.02810   -0.00452
    7     0    0.22859   -0.01918
    7     1    0.20428   -0.08759
    7     2    0.16224   -0.13281
    7     3    0.11875   -0.15621
    7     4    0.08111   -0.16516
    7     5    0.05083   -0.16574
    7     6    0.02724   -0.16178
    7     7    0.00915   -0.15548
    7     8   -0.00460   -0.14805
    7     9   -0.01500   -0.14017
    7    10   -0.02281   -0.13216
    7    11   -0.02863   -0.12422
    7    12   -0.03289   -0.11643
    7    13   -0.03596   -0.10882
    7    14   -0.03808   -0.10142
    7    15   -0.03946   -0.09421
    7    16   -0.04026   -0.08721
    7    17   -0.04060   -0.08040
    7    18   -0.04058   -0.07380
    7    19   -0.04028   -0.06740
    7    20   -0.03977   -0.06120
    7    21   -0.03911   -0.05520
    7    22   -0.03834   -0.04940
    7    23   -0.03751   -0.04380
    7    24   -0.03666   -0.03839
    7    25   -0.03583   -0.03315
    7    26   -0.03505   -0.02808
    7    27   -0.03434   -0.02315
    7    28   -0.03372   -0.01836
    7    29   -0.03322   -0.01367
    7    30   -0.03286   -0.00907
    7    31   -0.03263   -0.00452
    8     0    0.32795   -0.03413
    8     1    0.27139   -0.14164
    8     2    0.19423   -0.19110
    8     3    0.12936   -0.20545
    8     4    0.08061   -0.20374
    8     5    0.04494   -0.19525
    8     6    0.01894   -0.18425
    8     7   -0.00007   -0.17265
    8     8   -0.01401   -0.16126
    8     9   -0.02425   -0.15041
    8    10   -0.03177   -0.14017
    8    11   -0.03724   -0.13054
    8    12   -0.04117   -0.12145
    8    13   -0.04391   -0.11284
    8    14   -0.04574   -0.10463
    8    15   -0.04685   -0.09680
    8    16   -0.04739   -0.08928
    8    17   -0.04749   -0.08206
    8    18   -0.04724   -0.07511
    8    19   -0.04671   -0.06843
    8    20   -0.04598   -0.06199
    8    21   -0.04509   -0.05579
    8    22   -0.04411   -0.04983
    8    23   -0.04308   -0.04409
    8    24   -0.04203   -0.03857
    8    25   -0.04102   -0.03326
    8    26   -0.04007   -0.02813
    8    27   -0.03921   -0.02316
    8    28   -0.03847   -0.01835
    8    29   -0.03787   -0.01365
    8    30   -0.03743   -0.00905
    8    31   -0.03716   -0.00451
    9     0    0.53060   -0.09130
    9     1    0.34910   -0.26140
    9     2    0.21010   -0.28240
    9     3    0.12334   -0.26929
    9     4    0.06723   -0.24843
    9     5    0.02968   -0.22704
    9     6    0.00390   -0.20728
    9     7   -0.01414   -0.18963
    9     8   -0.02694   -0.17401
    9     9   -0.03609   -0.16014
    9    10   -0.04265   -0.14772
    9    11   -0.04731   -0.13646
    9    12   -0.05056   -0.12615
    9    13   -0.05274   -0.11659
    9    14   -0.05409   -0.10766
    9    15   -0.05479   -0.09923
    9    16   -0.05498   -0.09123
    9    17   -0.05476   -0.08361
    9    18   -0.05421   -0.07633
    9    19   -0.05340   -0.06936
    9    20   -0.05240   -0.06269
    9    21   -0.05126   -0.05629
    9    22   -0.05003   -0.05016
    9    23   -0.04876   -0.04430
    9    24   -0.04750   -0.03867
    9    25   -0.04627   -0.03328
    9    26   -0.04513   -0.02810
    9    27   -0.04410   -0.02311
    9    28   -0.04322   -0.01828
    9    29   -0.04251   -0.01359
    9    30   -0.04199   -0.00900
    9    31   -0.04167   -0.00448
   10     0    0.72173   -0.73369
   10     1    0.33904   -0.48378
   10     2    0.17575   -0.39834
   10     3    0.08840   -0.33882
   10     4    0.03622   -0.29308
   10     5    0.00320   -0.25705
   10     6   -0.01850   -0.22819
   10     7   -0.03318   -0.20467
   10     8   -0.04330   -0.18513
   10     9   -0.05036   -0.16856
   10    10   -0.05529   -0.15423
   10    11   -0.05868   -0.14159
   10    12   -0.06094   -0.13024
   10    13   -0.06233   -0.11989
   10    14   -0.06305   -0.11032
   10    15   -0.06323   -0.10138
   10    16   -0.06298   -0.09296
   10    17   -0.06237   -0.08497
   10    18   -0.06147   -0.07738
   10    19   -0.06035   -0.07014
   10    20   -0.05904   -0.06324
   10    21   -0.05761   -0.05665
   10    22   -0.05610   -0.05036
   10    23   -0.05456   -0.04436
   10    24   -0.05304   -0.03864
   10    25   -0.05159   -0.03318
   10    26   -0.05023   -0.02796
   10    27   -0.04901   -0.02295
   10    28   -0.04797   -0.01813
   10    29   -0.04713   -0.01346
   10    30   -0.04652   -0.00890
   10    31   -0.04614   -0.00443
   11     0    0.24989   -0.91567
   11     1    0.16355   -0.64975
   11     2    0.07706   -0.49354
   11     3    0.02136   -0.39528
   11     4   -0.01269   -0.32827
   11     5   -0.03389   -0.28005
   11     6   -0.04750   -0.24391
   11     7   -0.05648   -0.21587
   11     8   -0.06251   -0.19340
   11     9   -0.06659   -0.17488
   11    10   -0.06933   -0.15918
   11    11   -0.07108   -0.14556
   11    12   -0.07210   -0.13347
   11    13   -0.07254   -0.12254
   11    14   -0.07252   -0.11249
   11    15   -0.07210   -0.10315
   11    16   -0.07134   -0.09437
   11    17   -0.07030   -0.08608
   11    18   -0.06902   -0.07821
   11    19   -0.06753   -0.07072
   11    20   -0.06589   -0.06360
   11    21   -0.06413   -0.05682
   11    22   -0.06231   -0.05038
   11    23   -0.06048   -0.04425
   11    24   -0.05867   -0.03844
   11    25   -0.05695   -0.03292
   11    26   -0.05535   -0.02767
   11    27   -0.05392   -0.02267
   11    28   -0.05270   -0.01787
   11    29   -0.05171   -0.01325
   11    30   -0.05099   -0.00875
   11    31   -0.05055   -0.00435
   12     0   -0.02748   -0.93619
   12     1   -0.03962   -0.70483
   12     2   -0.05522   -0.53599
   12     3   -0.06655   -0.42244
   12     4   -0.07367   -0.34549
   12     5   -0.07805   -0.29142
   12     6   -0.08077   -0.25183
   12     7   -0.08245   -0.22169
   12     8   -0.08347   -0.19790
   12     9   -0.08402   -0.17850
   12    10   -0.08421   -0.16220
   12    11   -0.08411   -0.14812
   12    12   -0.08376   -0.13566
   12    13   -0.08317   -0.12442
   12    14   -0.08234   -0.11409
   12    15   -0.08128   -0.10447
   12    16   -0.08000   -0.09543
   12    17   -0.07851   -0.08688
   12    18   -0.07682   -0.07876
   12    19   -0.07495   -0.07105
   12    20   -0.07294   -0.06371
   12    21   -0.07083   -0.05675
   12    22   -0.06866   -0.05016
   12    23   -0.06649   -0.04392
   12    24   -0.06436   -0.03803
   12    25   -0.06234   -0.03247
   12    26   -0.06047   -0.02721
   12    27   -0.05880   -0.02223
   12    28   -0.05737   -0.01748
   12    29   -0.05622   -0.01293
   12    30   -0.05538   -0.00854
   12    31   -0.05487   -0.00424
   13     0   -0.28242   -0.93061
   13     1   -0.24149   -0.68806
   13     2   -0.19270   -0.52249
   13     3   -0.15854   -0.41407
   13     4   -0.13709   -0.34071
   13     5   -0.12361   -0.28886
   13     6   -0.11484   -0.25065
   13     7   -0.10891   -0.22140
   13     8   -0.10473   -0.19819
   13     9   -0.10165   -0.17917
   13    10   -0.09926   -0.16311
   13    11   -0.09730   -0.14917
   13    12   -0.09558   -0.13676
   13    13   -0.09397   -0.12549
   13    14   -0.09236   -0.11507
   13    15   -0.09068   -0.10531
   13    16   -0.08889   -0.09610
   13    17   -0.08695   -0.08734
   13    18   -0.08484   -0.07901
   13    19   -0.08258   -0.07108
   13    20   -0.08018   -0.06354
   13    21   -0.07769   -0.05640
   13    22   -0.07514   -0.04966
   13    23   -0.07260   -0.04331
   13    24   -0.07011   -0.03735
   13    25   -0.06775   -0.03176
   13    26   -0.06557   -0.02652
   13    27   -0.06363   -0.02159
   13    28   -0.06197   -0.01693
   13    29   -0.06063   -0.01249
   13    30   -0.05965   -0.00823
   13    31   -0.05906   -0.00409
   14     0   -0.61674   -0.87720
   14     1   -0.44073   -0.58457
   14     2   -0.31224   -0.45309
   14     3   -0.23755   -0.37213
   14     4   -0.19265   -0.31530
   14     5   -0.16445   -0.27317
   14     6   -0.14601   -0.24083
   14     7   -0.13351   -0.21525
   14     8   -0.12477   -0.19443
   14     9   -0.11847   -0.17700
   14    10   -0.11378   -0.16200
   14    11   -0.11016   -0.14877
   14    12   -0.10723   -0.13681
   14    13   -0.10471   -0.12579
   14    14   -0.10242   -0.11547
   14    15   -0.10019   -0.10570
   14    16   -0.09794   -0.09638
   14    17   -0.09558   -0.08746
   14    18   -0.09308   -0.07893
   14    19   -0.09042   -0.07078
   14    20   -0.08762   -0.06304
   14    21   -0.08471   -0.05571
   14    22   -0.08175   -0.04882
   14    23   -0.07879   -0.04236
   14    24   -0.07590   -0.03635
   14    25   -0.07316   -0.03075
   14    26   -0.07062   -0.02555
   14    27   -0.06836   -0.02071
   14    28   -0.06644   -0.01618
   14    29   -0.06489   -0.01190
   14    30   -0.06376   -0.00782
   14    31   -0.06307   -0.00388
   15     0   -0.93109   -0.23555
   15     1   -0.54660   -0.36552
   15     2   -0.37979   -0.34197
   15     3   -0.28831   -0.30786
   15     4   -0.23219   -0.27578
   15     5   -0.19577   -0.24798
   15     6   -0.17127   -0.22443
   15     7   -0.15430   -0.20447
   15     8   -0.14228   -0.18738
   15     9   -0.13358   -0.17247
   15    10   -0.12714   -0.15921
   15    11   -0.12225   -0.14716
   15    12   -0.11839   -0.13598
   15    13   -0.11519   -0.12544
   15    14   -0.11237   -0.11538
   15    15   -0.10973   -0.10569
   15    16   -0.10711   -0.09631
   15    17   -0.10439   -0.08725
   15    18   -0.10153   -0.07851
   15    19   -0.09848   -0.07013
   15    20   -0.09526   -0.06216
   15    21   -0.09191   -0.05463
   15    22   -0.08849   -0.04758
   15    23   -0.08506   -0.04102
   15    24   -0.08171   -0.03496
   15    25   -0.07853   -0.02938
   15    26   -0.07559   -0.02426
   15    27   -0.07297   -0.01954
   15    28   -0.07074   -0.01519
   15    29   -0.06895   -0.01113
   15    30   -0.06764   -0.00729
   15    31   -0.06684   -0.00361
   16     0   -0.58465   -0.05165
   16     1   -0.48834   -0.19123
   16     2   -0.38312   -0.23559
   16     3   -0.30629   -0.24056
   16     4   -0.25283   -0.23172
   16     5   -0.21547   -0.21849
   16     6   -0.18905   -0.20444
   16     7   -0.17011   -0.19087
   16     8   -0.15639   -0.17817
   16     9   -0.14633   -0.16635
   16    10   -0.13886   -0.15525
   16    11   -0.13322   -0.14471
   16    12   -0.12882   -0.13456
   16    13   -0.12523   -0.12467
   16    14   -0.12213   -0.11496
   16    15   -0.11924   -0.10539
   16    16   -0.11638   -0.09597
   16    17   -0.11340   -0.08674
   16    18   -0.11022   -0.07776
   16    19   -0.10680   -0.06910
   16    20   -0.10315   -0.06086
   16    21   -0.09931   -0.05309
   16    22   -0.09537   -0.04586
   16    23   -0.09140   -0.03919
   16    24   -0.08753   -0.03310
   16    25   -0.08383   -0.02757
   16    26   -0.08043   -0.02256
   16    27   -0.07740   -0.01803
   16    28   -0.07481   -0.01391
   16    29   -0.07274   -0.01013
   16    30   -0.07123   -0.00661
   16    31   -0.07031   -0.00326
   17     0   -0.44692   -0.02534
   17     1   -0.41093   -0.11201
   17     2   -0.35430   -0.16262
   17     3   -0.30082   -0.18493
   17     4   -0.25753   -0.19128
   17     5   -0.22430   -0.18951
   17     6   -0.19931   -0.18383
   17     7   -0.18064   -0.17634
   17     8   -0.16674   -0.16808
   17     9   -0.15639   -0.15949
   17    10   -0.14867   -0.15074
   17    11   -0.14285   -0.14188
   17    12   -0.13836   -0.13288
   17    13   -0.13475   -0.12372
   17    14   -0.13164   -0.11440
   17    15   -0.12873   -0.10495
   17    16   -0.12579   -0.09545
   17    17   -0.12265   -0.08598
   17    18   -0.11921   -0.07668
   17    19   -0.11543   -0.06767
   17    20   -0.11131   -0.05908
   17    21   -0.10694   -0.05103
   17    22   -0.10240   -0.04358
   17    23   -0.09782   -0.03679
   17    24   -0.09332   -0.03068
   17    25   -0.08904   -0.02522
   17    26   -0.08509   -0.02039
   17    27   -0.08158   -0.01611
   17    28   -0.07859   -0.01230
   17    29   -0.07620   -0.00888
   17    30   -0.07445   -0.00576
   17    31   -0.07339   -0.00283
   18     0   -0.36819   -0.01595
   18     1   -0.35097   -0.07464
   18     2   -0.31923   -0.11784
   18     3   -0.28400   -0.14440
   18     4   -0.25174   -0.15838
   18     5   -0.22471   -0.16414
   18     6   -0.20310   -0.16485
   18     7   -0.18627   -0.16250
   18     8   -0.17341   -0.15825
   18     9   -0.16371   -0.15275
   18    10   -0.15647   -0.14633
   18    11   -0.15106   -0.13917
   18    12   -0.14697   -0.13134
   18    13   -0.14372   -0.12292
   18    14   -0.14093   -0.11396
   18    15   -0.13825   -0.10456
   18    16   -0.13542   -0.09487
   18    17   -0.13225   -0.08504
   18    18   -0.12861   -0.07529
   18    19   -0.12447   -0.06580
   18    20   -0.11985   -0.05676
   18    21   -0.11486   -0.04833
   18    22   -0.10962   -0.04062
   18    23   -0.10430   -0.03370
   18    24   -0.09907   -0.02758
   18    25   -0.09409   -0.02225
   18    26   -0.08950   -0.01765
   18    27   -0.08543   -0.01370
   18    28   -0.08198   -0.01029
   18    29   -0.07923   -0.00733
   18    30   -0.07722   -0.00470
   18    31   -0.07600   -0.00229
   19     0   -0.31493   -0.01140
   19     1   -0.30542   -0.05474
   19     2   -0.28648   -0.09044
   19     3   -0.26334   -0.11639
   19     4   -0.24019   -0.13345
   19     5   -0.21939   -0.14361
   19     6   -0.20188   -0.14878
   19     7   -0.18777   -0.15045
   19     8   -0.17677   -0.14960
   19     9   -0.16845   -0.14686
   19    10   -0.16232   -0.14262
   19    11   -0.15788   -0.13708
   19    12   -0.15465   -0.13038
   19    13   -0.15219   -0.12262
   19    14   -0.15007   -0.11391
   19    15   -0.14792   -0.10443
   19    16   -0.14543   -0.09438
   19    17   -0.14236   -0.08400
   19    18   -0.13858   -0.07359
   19    19   -0.13406   -0.06342
   19    20   -0.12887   -0.05378
   19    21   -0.12314   -0.04486
   19    22   -0.11706   -0.03682
   19    23   -0.11085   -0.02975
   19    24   -0.10474   -0.02367
   19    25   -0.09893   -0.01852
   19    26   -0.09359   -0.01424
   19    27   -0.08887   -0.01071
   19    28   -0.08489   -0.00782
   19    29   -0.08172   -0.00543
   19    30   -0.07942   -0.00341
   19    31   -0.07802   -0.00165
   20     0   -0.27506   -0.00887
   20     1   -0.26935   -0.04317
   20     2   -0.25749   -0.07326
   20     3   -0.24213   -0.09739
   20     4   -0.22584   -0.11538
   20     5   -0.21046   -0.12795
   20     6   -0.19702   -0.13612
   20     7   -0.18595   -0.14081
   20     8   -0.17729   -0.14274
   20     9   -0.17086   -0.14241
   20    10   -0.16635   -0.14013
   20    11   -0.16337   -0.13609
   20    12   -0.16150   -0.13041
   20    13   -0.16027   -0.12319
   20    14   -0.15923   -0.11460
   20    15   -0.15794   -0.10482
   20    16   -0.15603   -0.09414
   20    17   -0.15322   -0.08293
   20    18   -0.14936   -0.07157
   20    19   -0.14443   -0.06047
   20    20   -0.13853   -0.04999
   20    21   -0.13188   -0.04044
   20    22   -0.12475   -0.03200
   20    23   -0.11745   -0.02477
   20    24   -0.11026   -0.01876
   20    25   -0.10346   -0.01389
   20    26   -0.09724   -0.01004
   20    27   -0.09177   -0.00707
   20    28   -0.08718   -0.00482
   20    29   -0.08355   -0.00314
   20    30   -0.08092   -0.00187
   20    31   -0.07934   -0.00087
   21     0   -0.24297   -0.00736
   21     1   -0.23938   -0.03609
   21     2   -0.23174   -0.06228
   21     3   -0.22150   -0.08464
   21     4   -0.21025   -0.10271
   21     5   -0.19929   -0.11663
   21     6   -0.18955   -0.12683
   21     7   -0.18152   -0.13383
   21     8   -0.17541   -0.13806
   21     9   -0.17121   -0.13982
   21    10   -0.16873   -0.13932
   21    11   -0.16767   -0.13666
   21    12   -0.16762   -0.13189
   21    13   -0.16811   -0.12508
   21    14   -0.16860   -0.11638
   21    15   -0.16858   -0.10603
   21    16   -0.16756   -0.09437
   21    17   -0.16519   -0.08191
   21    18   -0.16129   -0.06919
   21    19   -0.15585   -0.05679
   21    20   -0.14905   -0.04520
   21    21   -0.14122   -0.03481
   21    22   -0.13275   -0.02588
   21    23   -0.12407   -0.01850
   21    24   -0.11556   -0.01264
   21    25   -0.10756   -0.00817
   21    26   -0.10031   -0.00491
   21    27   -0.09399   -0.00266
   21    28   -0.08872   -0.00123
   21    29   -0.08458   -0.00041
   21    30   -0.08160   -0.00004
   21    31   -0.07980    0.00005
   22     0   -0.21565   -0.00641
   22     1   -0.21335   -0.03164
   22     2   -0.20840   -0.05523
   22     3   -0.20164   -0.07625
   22     4   -0.19408   -0.09421
   22     5   -0.18667   -0.10897
   22     6   -0.18013   -0.12068
   22     7   -0.17497   -0.12953
   22     8   -0.17146   -0.13573
   22     9   -0.16969   -0.13940
   22    10   -0.16956   -0.14057
   22    11   -0.17084   -0.13923
   22    12   -0.17313   -0.13531
   22    13   -0.17588   -0.12878
   22    14   -0.17847   -0.11974
   22    15   -0.18022   -0.10843
   22    16   -0.18047   -0.09532
   22    17   -0.17876   -0.08105
   22    18   -0.17483   -0.06640
   22    19   -0.16871   -0.05217
   22    20   -0.16070   -0.03907
   22    21   -0.15130   -0.02762
   22    22   -0.14108   -0.01811
   22    23   -0.13064   -0.01062
   22    24   -0.12050   -0.00504
   22    25   -0.11106   -0.00116
   22    26   -0.10261    0.00129
   22    27   -0.09533    0.00260
   22    28   -0.08932    0.00302
   22    29   -0.08463    0.00279
   22    30   -0.08129    0.00210
   22    31   -0.07928    0.00112
   23     0   -0.19130   -0.00583
   23     1   -0.18984   -0.02887
   23     2   -0.18668   -0.05080
   23     3   -0.18236   -0.07095
   23     4   -0.17755   -0.08886
   23     5   -0.17294   -0.10433
   23     6   -0.16913   -0.11730
   23     7   -0.16658   -0.12779
   23     8   -0.16561   -0.13582
   23     9   -0.16637   -0.14134
   23    10   -0.16887   -0.14422
   23    11   -0.17290   -0.14426
   23    12   -0.17807   -0.14122
   23    13   -0.18377   -0.13490
   23    14   -0.18917   -0.12527
   23    15   -0.19335   -0.11255
   23    16   -0.19541   -0.09730
   23    17   -0.19462   -0.08043
   23    18   -0.19065   -0.06303
   23    19   -0.18357   -0.04627
   23    20   -0.17386   -0.03113
   23    21   -0.16228   -0.01833
   23    22   -0.14973   -0.00818
   23    23   -0.13703   -0.00070
   23    24   -0.12486    0.00435
   23    25   -0.11371    0.00735
   23    26   -0.10389    0.00871
   23    27   -0.09556    0.00880
   23    28   -0.08877    0.00797
   23    29   -0.08353    0.00647
   23    30   -0.07983    0.00454
   23    31   -0.07762    0.00233
   24     0   -0.16877   -0.00548
   24     1   -0.16788   -0.02721
   24     2   -0.16597   -0.04818
   24     3   -0.16339   -0.06787
   24     4   -0.16064   -0.08592
   24     5   -0.15823   -0.10211
   24     6   -0.15669   -0.11631
   24     7   -0.15644   -0.12840
   24     8   -0.15786   -0.13830
   24     9   -0.16118   -0.14579
   24    10   -0.16650   -0.15059
   24    11   -0.17370   -0.15225
   24    12   -0.18240   -0.15029
   24    13   -0.19188   -0.14423
   24    14   -0.20107   -0.13379
   24    15   -0.20864   -0.11909
   24    16   -0.21324   -0.10081
   24    17   -0.21377   -0.08019
   24    18   -0.20969   -0.05887
   24    19   -0.20116   -0.03854
   24    20   -0.18897   -0.02067
   24    21   -0.17434   -0.00619
   24    22   -0.15861    0.00457
   24    23   -0.14297    0.01177
   24    24   -0.12830    0.01591
   24    25   -0.11516    0.01760
   24    26   -0.10383    0.01746
   24    27   -0.09439    0.01599
   24    28   -0.08684    0.01362
   24    29   -0.08108    0.01064
   24    30   -0.07705    0.00728
   24    31   -0.07466    0.00369
   25     0   -0.14729   -0.00529
   25     1   -0.14680   -0.02631
   25     2   -0.14576   -0.04680
   25     3   -0.14444   -0.06639
   25     4   -0.14321   -0.08480
   25     5   -0.14251   -0.10182
   25     6   -0.14279   -0.11730
   25     7   -0.14450   -0.13110
   25     8   -0.14807   -0.14303
   25     9   -0.15386   -0.15279
   25    10   -0.16211   -0.15991
   25    11   -0.17287   -0.16372
   25    12   -0.18583   -0.16334
   25    13   -0.20020   -0.15784
   25    14   -0.21455   -0.14648
   25    15   -0.22694   -0.12913
   25    16   -0.23524   -0.10654
   25    17   -0.23766   -0.08051
   25    18   -0.23333   -0.05349
   25    19   -0.22253   -0.02812
   25    20   -0.20661   -0.00657
   25    21   -0.18755    0.00990
   25    22   -0.16745    0.02106
   25    23   -0.14799    0.02745
   25    24   -0.13029    0.03002
   25    25   -0.11490    0.02978
   25    26   -0.10199    0.02760
   25    27   -0.09149    0.02415
   25    28   -0.08325    0.01992
   25    29   -0.07707    0.01522
   25    30   -0.07279    0.01026
   25    31   -0.07027    0.00516
   26     0   -0.12635   -0.00520
   26     1   -0.12612   -0.02593
   26     2   -0.12569   -0.04630
   26     3   -0.12525   -0.06605
   26     4   -0.12511   -0.08499
   26     5   -0.12566   -0.10297
   26     6   -0.12732   -0.11986
   26     7   -0.13058   -0.13552
   26     8   -0.13594   -0.14976
   26     9   -0.14395   -0.16224
   26    10   -0.15508   -0.17236
   26    11   -0.16968   -0.17918
   26    12   -0.18771   -0.18136
   26    13   -0.20840   -0.17721
   26    14   -0.22994   -0.16515
   26    15   -0.24939   -0.14437
   26    16   -0.26325   -0.11567
   26    17   -0.26851   -0.08164
   26    18   -0.26365   -0.04621
   26    19   -0.24919   -0.01356
   26    20   -0.22745    0.01294
   26    21   -0.20183    0.03160
   26    22   -0.17563    0.04254
   26    23   -0.15127    0.04711
   26    24   -0.13001    0.04705
   26    25   -0.11224    0.04397
   26    26   -0.09784    0.03907
   26    27   -0.08647    0.03316
   26    28   -0.07774    0.02675
   26    29   -0.07132    0.02012
   26    30   -0.06692    0.01341
   26    31   -0.06435    0.00670
   27     0   -0.10559   -0.00519
   27     1   -0.10554   -0.02589
   27     2   -0.10550   -0.04637
   27     3   -0.10564   -0.06647
   27     4   -0.10622   -0.08607
   27     5   -0.10758   -0.10511
   27     6   -0.11015   -0.12350
   27     7   -0.11444   -0.14121
   27     8   -0.12108   -0.15808
   27     9   -0.13080   -0.17383
   27    10   -0.14446   -0.18787
   27    11   -0.16290   -0.19906
   27    12   -0.18670   -0.20551
   27    13   -0.21554   -0.20443
   27    14   -0.24730   -0.19258
   27    15   -0.27750   -0.16765
   27    16   -0.30013   -0.13013
   27    17   -0.30983   -0.08403
   27    18   -0.30393   -0.03579
   27    19   -0.28333    0.00762
   27    20   -0.25221    0.04076
   27    21   -0.21658    0.06139
   27    22   -0.18187    0.07062
   27    23   -0.15139    0.07150
   27    24   -0.12626    0.06718
   27    25   -0.10629    0.06005
   27    26   -0.09078    0.05161
   27    27   -0.07893    0.04274
   27    28   -0.07007    0.03385
   27    29   -0.06367    0.02512
   27    30   -0.05935    0.01660
   27    31   -0.05685    0.00826
   28     0   -0.08479   -0.00522
   28     1   -0.08485   -0.02605
   28     2   -0.08503   -0.04677
   28     3   -0.08549   -0.06732
   28     4   -0.08644   -0.08765
   28     5   -0.08820   -0.10776
   28     6   -0.09117   -0.12772
   28     7   -0.09589   -0.14756
   28     8   -0.10307   -0.16731
   28     9   -0.11366   -0.18689
   28    10   -0.12895   -0.20591
   28    11   -0.15057   -0.22333
   28    12   -0.18033   -0.23689
   28    13   -0.21932   -0.24233
   28    14   -0.26590   -0.23334
   28    15   -0.31328   -0.20392
   28    16   -0.35041   -0.15337
   28    17   -0.36734   -0.08841
   28    18   -0.35947   -0.02011
   28    19   -0.32833    0.03980
   28    20   -0.28144    0.08190
   28    21   -0.23007    0.10305
   28    22   -0.18360    0.10722
   28    23   -0.14604    0.10111
   28    24   -0.11736    0.09012
   28    25   -0.09597    0.07745
   28    26   -0.08016    0.06465
   28    27   -0.06853    0.05238
   28    28   -0.06006    0.04083
   28    29   -0.05407    0.02997
   28    30   -0.05008    0.01966
   28    31   -0.04780    0.00973
   29     0   -0.06384   -0.00526
   29     1   -0.06394   -0.02630
   29     2   -0.06421   -0.04732
   29     3   -0.06476   -0.06831
   29     4   -0.06579   -0.08934
   29     5   -0.06755   -0.11048
   29     6   -0.07040   -0.13190
   29     7   -0.07485   -0.15382
   29     8   -0.08163   -0.17651
   29     9   -0.09183   -0.20024
   29    10   -0.10710   -0.22517
   29    11   -0.12999   -0.25094
   29    12   -0.16430   -0.27578
   29    13   -0.21462   -0.29441
   29    14   -0.28285   -0.29521
   29    15   -0.35954   -0.26244
   29    16   -0.42186   -0.19141
   29    17   -0.45059   -0.09601
   29    18   -0.43929    0.00449
   29    19   -0.38984    0.09108
   29    20   -0.31482    0.14548
   29    21   -0.23773    0.16226
   29    22   -0.17582    0.15398
   29    23   -0.13165    0.13539
   29    24   -0.10123    0.11466
   29    25   -0.08021    0.09498
   29    26   -0.06549    0.07722
   29    27   -0.05508    0.06139
   29    28   -0.04771    0.04720
   29    29   -0.04259    0.03432
   29    30   -0.03922    0.02237
   29    31   -0.03731    0.01103
   30     0   -0.04270   -0.00531
   30     1   -0.04279   -0.02655
   30     2   -0.04304   -0.04783
   30     3   -0.04352   -0.06922
   30     4   -0.04436   -0.09082
   30     5   -0.04576   -0.11281
   30     6   -0.04799   -0.13546
   30     7   -0.05147   -0.15916
   30     8   -0.05682   -0.18447
   30     9   -0.06502   -0.21214
   30    10   -0.07779   -0.24318
   30    11   -0.09817   -0.27876
   30    12   -0.13198   -0.31960
   30    13   -0.19017   -0.36298
   30    14   -0.28835   -0.39225
   30    15   -0.42122   -0.36283
   30    16   -0.52932   -0.25394
   30    17   -0.57487   -0.10824
   30    18   -0.55885    0.04285
   30    19   -0.47950    0.17684
   30    20   -0.34882    0.25066
   30    21   -0.22745    0.24661
   30    22   -0.14947    0.20996
   30    23   -0.10365    0.17122
   30    24   -0.07596    0.13799
   30    25   -0.05837    0.11060
   30    26   -0.04669    0.08794
   30    27   -0.03872    0.06884
   30    28   -0.03321    0.05237
   30    29   -0.02945    0.03779
   30    30   -0.02700    0.02452
   30    31   -0.02561    0.01206
   31     0   -0.02140   -0.00534
   31     1   -0.02145   -0.02672
   31     2   -0.02159   -0.04819
   31     3   -0.02187   -0.06984
   31     4   -0.02234   -0.09183
   31     5   -0.02311   -0.11438
   31     6   -0.02434   -0.13786
   31     7   -0.02625   -0.16278
   31     8   -0.02921   -0.18993
   31     9   -0.03383   -0.22051
   31    10   -0.04123   -0.25641
   31    11   -0.05368   -0.30075
   31    12   -0.07646   -0.35887
   31    13   -0.12417   -0.43974
   31    14   -0.24460   -0.54788
   31    15   -0.51735   -0.56010
   31    16   -0.70562   -0.34690
   31    17   -0.75865   -0.12399
   31    18   -0.74212    0.09373
   31    19   -0.63425    0.32329
   31    20   -0.36308    0.45157
   31    21   -0.16659    0.35723
   31    22   -0.09169    0.26480
   31    23   -0.05861    0.20087
   31    24   -0.04121    0.15551
   31    25   -0.03092    0.12167
   31    26   -0.02438    0.09525
   31    27   -0.02002    0.07380
   31    28   -0.01706    0.05575
   31    29   -0.01506    0.04004
   31    30   -0.01376    0.02590
   31    31   -0.01304    0.01272
